level	page_num	block_num	par_num	line_num	word_num	left	top	width	height	conf	text
1	1	0	0	0	0	0	0	2550	3300	-1	
2	1	1	0	0	0	377	348	349	76	-1	
3	1	1	1	0	0	377	348	349	76	-1	
4	1	1	1	1	0	377	348	349	76	-1	
5	1	1	1	1	1	377	348	194	76	93	Thang
5	1	1	1	1	2	597	361	129	63	77	cudi
2	1	2	0	0	0	377	482	219	39	-1	
3	1	2	1	0	0	377	482	219	39	-1	
4	1	2	1	1	0	377	482	219	39	-1	
5	1	2	1	1	1	377	482	47	31	92	Lé
5	1	2	1	1	2	440	483	156	38	94	Thuong
2	1	3	0	0	0	375	596	550	568	-1	
3	1	3	1	0	0	375	596	423	55	-1	
4	1	3	1	1	0	375	596	423	55	-1	
5	1	3	1	1	1	375	606	83	35	96	Bong
5	1	3	1	1	2	459	607	138	44	96	trang
5	1	3	1	1	3	611	596	102	55	96	trang
5	1	3	1	1	4	728	606	70	45	96	nga
3	1	3	2	0	0	377	662	248	46	-1	
4	1	3	2	1	0	377	662	248	46	-1	
5	1	3	2	1	1	377	663	55	35	95	Co
5	1	3	2	1	2	449	663	65	45	96	cay
5	1	3	2	1	3	529	662	45	36	96	da
5	1	3	2	1	4	587	668	38	30	96	to
3	1	3	3	0	0	377	711	362	55	-1	
4	1	3	3	1	0	377	711	362	55	-1	
5	1	3	3	1	1	377	721	55	35	92	Co
5	1	3	3	1	2	446	711	109	55	93	thang
5	1	3	3	1	3	571	720	94	42	59	Cudi
5	1	3	3	1	4	680	720	59	46	96	gia
3	1	3	4	0	0	377	767	338	52	-1	
4	1	3	4	1	0	377	767	338	52	-1	
5	1	3	4	1	1	377	767	72	46	92	Om
5	1	3	4	1	2	464	778	76	41	82	mét
5	1	3	4	1	3	555	768	74	45	56	méi
5	1	3	4	1	4	645	788	70	25	96	mo.
3	1	3	5	0	0	375	835	550	161	-1	
4	1	3	5	1	0	375	835	540	46	-1	
5	1	3	5	1	1	375	837	101	44	92	Lang
5	1	3	5	1	2	491	836	70	45	92	yén
5	1	3	5	1	3	574	841	37	30	96	ta
5	1	3	5	1	4	625	835	60	36	42	noi
5	1	3	5	1	5	701	835	94	42	90	Cudi
5	1	3	5	1	6	811	835	104	46	91	nghe:
4	1	3	5	2	0	376	883	549	55	-1	
5	1	3	5	2	1	376	883	54	45	89	“O
5	1	3	5	2	2	447	904	94	34	89	cung
5	1	3	5	2	3	555	894	102	44	90	trang
5	1	3	5	2	4	673	892	70	36	87	mai
5	1	3	5	2	5	759	892	72	36	96	lam
5	1	3	5	2	6	847	892	78	36	96	chi”
4	1	3	5	3	0	375	941	423	55	-1	
5	1	3	5	3	1	375	951	83	35	96	Bong
5	1	3	5	3	2	459	952	138	44	96	trang
5	1	3	5	3	3	611	941	102	55	96	trang
5	1	3	5	3	4	728	951	70	45	96	nga
3	1	3	6	0	0	377	1007	248	46	-1	
4	1	3	6	1	0	377	1007	248	46	-1	
5	1	3	6	1	1	377	1008	55	35	95	Co
5	1	3	6	1	2	449	1008	65	45	96	cay
5	1	3	6	1	3	529	1007	45	36	96	da
5	1	3	6	1	4	587	1013	38	30	96	to
3	1	3	7	0	0	377	1056	362	55	-1	
4	1	3	7	1	0	377	1056	362	55	-1	
5	1	3	7	1	1	377	1066	55	35	92	Co
5	1	3	7	1	2	446	1056	109	55	93	thang
5	1	3	7	1	3	571	1065	94	42	59	Cudi
5	1	3	7	1	4	680	1065	59	46	96	gia
3	1	3	8	0	0	377	1112	338	52	-1	
4	1	3	8	1	0	377	1112	338	52	-1	
5	1	3	8	1	1	377	1112	72	46	92	Om
5	1	3	8	1	2	464	1123	76	41	82	mét
5	1	3	8	1	3	555	1113	74	45	56	méi
5	1	3	8	1	4	645	1133	70	25	96	mo.
2	1	4	0	0	0	375	1237	606	553	-1	
3	1	4	1	0	0	377	1237	354	46	-1	
4	1	4	1	1	0	377	1237	354	46	-1	
5	1	4	1	1	1	377	1237	71	36	67	Gid
5	1	4	1	1	2	464	1237	122	46	84	khéng
5	1	4	1	1	3	602	1238	44	35	90	co
5	1	4	1	1	4	662	1237	69	36	95	nha
3	1	4	2	0	0	377	1295	415	46	-1	
4	1	4	2	1	0	377	1295	415	46	-1	
5	1	4	2	1	1	377	1295	71	36	65	Gid
5	1	4	2	1	2	465	1295	34	36	93	di
5	1	4	2	1	3	515	1296	112	35	26	mu6én
5	1	4	2	1	4	641	1295	151	46	91	phuong
3	1	4	3	0	0	375	1343	451	55	-1	
4	1	4	3	1	0	375	1343	451	55	-1	
5	1	4	3	1	1	375	1343	93	45	91	Bién
5	1	4	3	1	2	482	1352	74	42	92	biét
5	1	4	3	1	3	572	1343	115	55	91	chang
5	1	4	3	1	4	702	1353	124	45	0	ngiing
3	1	4	4	0	0	377	1409	346	36	-1	
4	1	4	4	1	0	377	1409	346	36	-1	
5	1	4	4	1	1	377	1410	92	35	91	Trén
5	1	4	4	1	2	482	1409	69	36	90	troi
5	1	4	4	1	3	566	1410	77	35	34	nuoc
5	1	4	4	1	4	645	1415	78	30	96	ta.
3	1	4	5	0	0	375	1467	606	161	-1	
4	1	4	5	1	0	375	1467	606	46	-1	
5	1	4	5	1	1	375	1469	101	44	93	Lang
5	1	4	5	1	2	491	1467	73	46	92	nghe
5	1	4	5	1	3	566	1469	135	44	96	trang
5	1	4	5	1	4	716	1467	61	46	67	gid
5	1	4	5	1	5	792	1467	70	36	93	bao
5	1	4	5	1	6	878	1467	103	36	93	nhau:
4	1	4	5	2	0	376	1524	525	46	-1	
5	1	4	5	2	1	376	1524	91	42	96	“Chi
5	1	4	5	2	2	482	1524	60	36	96	kia
5	1	4	5	2	3	557	1525	69	45	96	qué
5	1	4	5	2	4	642	1525	94	45	96	quan
5	1	4	5	2	5	750	1525	25	35	71	6
5	1	4	5	2	6	790	1524	111	36	95	dau?”
4	1	4	5	3	0	377	1582	354	46	-1	
5	1	4	5	3	1	377	1582	71	36	67	Gid
5	1	4	5	3	2	464	1582	122	46	84	khéng
5	1	4	5	3	3	602	1583	44	35	90	co
5	1	4	5	3	4	662	1582	69	36	95	nha
3	1	4	6	0	0	377	1639	448	46	-1	
4	1	4	6	1	0	377	1639	448	46	-1	
5	1	4	6	1	1	377	1639	71	36	58	Gid
5	1	4	6	1	2	463	1639	70	46	93	bay
5	1	4	6	1	3	548	1640	112	35	40	muén
5	1	4	6	1	4	674	1639	151	46	92	phuong
3	1	4	7	0	0	375	1688	451	55	-1	
4	1	4	7	1	0	375	1688	451	55	-1	
5	1	4	7	1	1	375	1688	93	45	92	Bién
5	1	4	7	1	2	482	1697	74	42	92	biét
5	1	4	7	1	3	572	1688	115	55	92	chang
5	1	4	7	1	4	702	1698	124	45	35	nging
3	1	4	8	0	0	377	1754	346	36	-1	
4	1	4	8	1	0	377	1754	346	36	-1	
5	1	4	8	1	1	377	1755	92	35	91	Trén
5	1	4	8	1	2	482	1754	69	36	90	troi
5	1	4	8	1	3	566	1755	77	35	34	nuoc
5	1	4	8	1	4	645	1760	78	30	96	ta.
2	1	5	0	0	0	374	1860	608	573	-1	
3	1	5	1	0	0	377	1860	298	45	-1	
4	1	5	1	1	0	377	1860	298	45	-1	
5	1	5	1	1	1	377	1870	55	35	63	C6
5	1	5	1	1	2	449	1881	69	24	95	con
5	1	5	1	1	3	533	1860	44	45	92	dé
5	1	5	1	1	4	592	1870	83	35	91	mén
3	1	5	2	0	0	379	1918	438	55	-1	
4	1	5	2	1	0	379	1918	438	55	-1	
5	1	5	2	1	1	379	1918	88	45	43	Sudt
5	1	5	2	1	2	479	1933	105	40	93	trong
5	1	5	2	1	3	600	1927	82	36	92	dém
5	1	5	2	1	4	696	1927	121	46	92	khuya
3	1	5	3	0	0	375	1975	395	55	-1	
4	1	5	3	1	0	375	1975	395	55	-1	
5	1	5	3	1	1	375	1985	72	35	92	Hat
5	1	5	3	1	2	461	1975	84	45	92	xam
5	1	5	3	1	3	559	1984	122	46	62	khong
5	1	5	3	1	4	695	1975	75	45	93	tién
3	1	5	4	0	0	374	2042	372	46	-1	
4	1	5	4	1	0	374	2042	372	46	-1	
5	1	5	4	1	1	374	2043	83	35	91	Nén
5	1	5	4	1	2	472	2042	119	46	69	nghéo
5	1	5	4	1	3	606	2043	67	35	91	xac
5	1	5	4	1	4	687	2053	59	25	96	xo.
3	1	5	5	0	0	376	2090	474	55	-1	
4	1	5	5	1	0	376	2090	474	55	-1	
5	1	5	5	1	1	376	2090	81	45	83	Dén
5	1	5	5	1	2	472	2100	94	45	43	cong
5	1	5	5	1	3	582	2099	69	36	96	cho
5	1	5	5	1	4	668	2090	44	45	96	dé
5	1	5	5	1	5	727	2100	35	34	96	ni
5	1	5	5	1	6	777	2111	73	24	96	non
3	1	5	6	0	0	377	2148	605	102	-1	
4	1	5	6	1	0	377	2148	605	55	-1	
5	1	5	6	1	1	377	2157	84	36	95	Troi
5	1	5	6	1	2	477	2157	68	36	96	cho
5	1	5	6	1	3	563	2169	62	24	93	sao
5	1	5	6	1	4	642	2148	103	45	92	chiéu
5	1	5	6	1	5	761	2158	95	45	87	ngan
5	1	5	6	1	6	871	2158	111	35	41	muén
4	1	5	6	2	0	377	2205	298	45	-1	
5	1	5	6	2	1	377	2215	55	35	63	C6
5	1	5	6	2	2	449	2226	69	24	95	con
5	1	5	6	2	3	533	2205	44	45	92	dé
5	1	5	6	2	4	592	2215	83	35	91	mén
3	1	5	7	0	0	379	2263	438	55	-1	
4	1	5	7	1	0	379	2263	438	55	-1	
5	1	5	7	1	1	379	2263	88	45	43	Sudt
5	1	5	7	1	2	479	2278	105	40	93	trong
5	1	5	7	1	3	600	2272	82	36	92	dém
5	1	5	7	1	4	696	2272	121	46	92	khuya
3	1	5	8	0	0	375	2320	395	55	-1	
4	1	5	8	1	0	375	2320	395	55	-1	
5	1	5	8	1	1	375	2330	72	35	92	Hat
5	1	5	8	1	2	461	2320	84	45	92	xam
5	1	5	8	1	3	559	2329	122	46	62	khong
5	1	5	8	1	4	695	2320	75	45	93	tién
3	1	5	9	0	0	374	2387	372	46	-1	
4	1	5	9	1	0	374	2387	372	46	-1	
5	1	5	9	1	1	374	2388	83	35	90	Nén
5	1	5	9	1	2	472	2387	119	46	55	nghéo
5	1	5	9	1	3	606	2388	67	35	91	xac
5	1	5	9	1	4	687	2398	59	25	96	xo.
2	1	6	0	0	0	1352	588	589	573	-1	
3	1	6	1	0	0	1354	588	378	55	-1	
4	1	6	1	1	0	1354	588	378	55	-1	
5	1	6	1	1	1	1354	598	94	45	96	Sang
5	1	6	1	1	2	1463	597	54	36	93	roi
5	1	6	1	1	3	1532	588	123	55	15	xu6ng
5	1	6	1	1	4	1671	597	61	36	91	doi
3	1	6	2	0	0	1354	655	323	46	-1	
4	1	6	2	1	0	1354	655	323	46	-1	
5	1	6	2	1	1	1354	656	94	45	96	Sang
5	1	6	2	1	2	1464	655	58	36	93	leo
5	1	6	2	1	3	1538	655	58	36	81	lén
5	1	6	2	1	4	1611	656	66	45	93	cay
3	1	6	3	0	0	1354	703	359	55	-1	
4	1	6	3	1	0	1354	703	359	55	-1	
5	1	6	3	1	1	1354	713	94	45	96	Sang
5	1	6	3	1	2	1464	712	74	36	74	mdi
5	1	6	3	1	3	1554	712	92	36	91	chan
5	1	6	3	1	4	1660	703	53	45	27	réi
3	1	6	4	0	0	1354	761	426	55	-1	
4	1	6	4	1	0	1354	761	426	55	-1	
5	1	6	4	1	1	1354	771	94	45	93	Sang
5	1	6	4	1	2	1463	761	86	55	49	ngdi
5	1	6	4	1	3	1564	761	123	55	63	xudng
5	1	6	4	1	4	1703	770	77	46	96	day.
3	1	6	5	0	0	1352	827	589	104	-1	
4	1	6	5	1	0	1352	827	589	46	-1	
5	1	6	5	1	1	1352	828	104	45	92	Cung
5	1	6	5	1	2	1470	828	105	45	47	trong
5	1	6	5	1	3	1591	827	69	36	95	anh
5	1	6	5	1	4	1676	828	87	45	93	sang
5	1	6	5	1	5	1779	827	85	36	85	cuoi
5	1	6	5	1	6	1880	827	61	36	38	vul
4	1	6	5	2	0	1352	885	459	46	-1	
5	1	6	5	2	1	1352	885	67	42	96	Chi
5	1	6	5	2	2	1436	897	58	24	94	em
5	1	6	5	2	3	1507	891	37	30	94	ta
5	1	6	5	2	4	1558	885	69	46	96	hay
5	1	6	5	2	5	1643	885	70	36	96	dua
5	1	6	5	2	6	1728	885	83	36	94	choi
3	1	6	6	0	0	1354	933	378	55	-1	
4	1	6	6	1	0	1354	933	378	55	-1	
5	1	6	6	1	1	1354	943	94	45	96	Sang
5	1	6	6	1	2	1463	942	54	36	93	roi
5	1	6	6	1	3	1532	933	123	55	26	xu6ng
5	1	6	6	1	4	1671	942	61	36	92	doi
3	1	6	7	0	0	1354	1000	323	46	-1	
4	1	6	7	1	0	1354	1000	323	46	-1	
5	1	6	7	1	1	1354	1001	94	45	96	Sang
5	1	6	7	1	2	1464	1000	58	36	93	leo
5	1	6	7	1	3	1538	1000	58	36	81	lén
5	1	6	7	1	4	1611	1001	66	45	93	cay
3	1	6	8	0	0	1354	1048	359	55	-1	
4	1	6	8	1	0	1354	1048	359	55	-1	
5	1	6	8	1	1	1354	1058	94	45	96	Sang
5	1	6	8	1	2	1464	1057	74	36	74	mdi
5	1	6	8	1	3	1554	1057	92	36	91	chan
5	1	6	8	1	4	1660	1048	53	45	27	réi
3	1	6	9	0	0	1354	1106	426	55	-1	
4	1	6	9	1	0	1354	1106	426	55	-1	
5	1	6	9	1	1	1354	1116	94	45	93	Sang
5	1	6	9	1	2	1463	1106	86	55	49	ngdi
5	1	6	9	1	3	1564	1106	123	55	63	xudng
5	1	6	9	1	4	1703	1115	77	46	96	day.
2	1	7	0	0	0	1350	1230	593	563	-1	
3	1	7	1	0	0	1352	1230	361	36	-1	
4	1	7	1	1	0	1352	1230	361	36	-1	
5	1	7	1	1	1	1352	1231	74	35	95	Cac
5	1	7	1	1	2	1442	1242	58	24	93	em
5	1	7	1	1	3	1513	1230	100	36	92	thich
5	1	7	1	1	4	1628	1230	85	36	63	cudi
3	1	7	2	0	0	1350	1278	417	55	-1	
4	1	7	2	1	0	1350	1278	417	55	-1	
5	1	7	2	1	1	1350	1278	93	45	48	Mué6n
5	1	7	2	1	2	1446	1287	96	36	2	lén
5	1	7	2	1	3	1557	1299	70	24	92	cung
5	1	7	2	1	4	1628	1289	139	44	96	trang
3	1	7	3	0	0	1352	1345	320	46	-1	
4	1	7	3	1	0	1352	1345	320	46	-1	
5	1	7	3	1	1	1352	1346	57	35	93	Cu
5	1	7	3	1	2	1424	1345	61	36	93	hoi
5	1	7	3	1	3	1501	1346	72	45	88	6ng
5	1	7	3	1	4	1589	1345	83	36	88	Troi
3	1	7	4	0	0	1352	1402	413	46	-1	
4	1	7	4	1	0	1352	1402	413	46	-1	
5	1	7	4	1	1	1352	1402	79	36	96	Cho
5	1	7	4	1	2	1448	1413	114	31	96	muon
5	1	7	4	1	3	1577	1402	54	36	96	cai
5	1	7	4	1	4	1646	1402	119	46	94	thang.
3	1	7	5	0	0	1350	1460	593	151	-1	
4	1	7	5	1	0	1350	1460	593	46	-1	
5	1	7	5	1	1	1350	1461	97	35	83	Muoi
5	1	7	5	1	2	1449	1460	98	36	79	lam
5	1	7	5	1	3	1561	1460	110	46	96	thang
5	1	7	5	1	4	1687	1461	89	35	93	Tam
5	1	7	5	1	5	1789	1460	69	36	85	troi
5	1	7	5	1	6	1874	1460	69	36	96	cho
4	1	7	5	2	0	1350	1517	528	46	-1	
5	1	7	5	2	1	1350	1518	83	41	52	Mot
5	1	7	5	2	2	1448	1518	72	45	65	6ng
5	1	7	5	2	3	1533	1519	102	44	96	trang
5	1	7	5	2	4	1652	1518	86	45	96	sang
5	1	7	5	2	5	1752	1517	75	42	96	that
5	1	7	5	2	6	1840	1523	38	30	97	to
4	1	7	5	3	0	1352	1575	361	36	-1	
5	1	7	5	3	1	1352	1576	74	35	95	Cac
5	1	7	5	3	2	1442	1587	58	24	93	em
5	1	7	5	3	3	1513	1575	100	36	92	thich
5	1	7	5	3	4	1628	1575	85	36	63	cudi
3	1	7	6	0	0	1350	1623	417	55	-1	
4	1	7	6	1	0	1350	1623	417	55	-1	
5	1	7	6	1	1	1350	1623	93	45	48	Mué6n
5	1	7	6	1	2	1446	1632	96	36	2	lén
5	1	7	6	1	3	1557	1644	70	24	92	cung
5	1	7	6	1	4	1628	1634	139	44	96	trang
3	1	7	7	0	0	1352	1690	320	46	-1	
4	1	7	7	1	0	1352	1690	320	46	-1	
5	1	7	7	1	1	1352	1691	57	35	93	Cu
5	1	7	7	1	2	1424	1690	61	36	93	hoi
5	1	7	7	1	3	1501	1691	72	45	88	6ng
5	1	7	7	1	4	1589	1690	83	36	88	Troi
3	1	7	8	0	0	1352	1747	413	46	-1	
4	1	7	8	1	0	1352	1747	413	46	-1	
5	1	7	8	1	1	1352	1747	79	36	96	Cho
5	1	7	8	1	2	1448	1758	114	31	96	muon
5	1	7	8	1	3	1577	1747	54	36	96	cai
5	1	7	8	1	4	1646	1747	119	46	94	thang.
